[(1, 0, 1), 1233]
[(1, 0, 1), 1336]
[(1, 0, 0), 1470]
[(1, 0, 1), 516]
[(1, 0, 1), 1013]
[(1, 1, 0), 1283]
[(1, 0, 1), 1795]
[(1, 0, 1), 1776]
[(1, 0, 1), 1448]
[(1, 0, 1), 1968]
[(1, 1, 0), 1798]
[(1, 1, 0), 1653]
[(1, 0, 1), 964]
[(1, 1, 0), 1844]
[(1, 0, 0), 1810]
[(1, 0, 0), 1424]
[(1, 0, 1), 1069]
[(1, 0, 1), 1638]
[(1, 1, 0), 1696]
[(1, 0, 1), 1361]
[(1, 0, 1), 1771]
[(1, 0, 1), 880]
[(1, 0, 1), 1463]
[(1, 1, 0), 1667]
[(1, 0, 1), 1458]
[(1, 0, 1), 758]
[(1, 1, 0), 1773]
[(1, 0, 0), 201]
[(1, 0, 0), 657]
[(1, 1, 0), 1458]
[(0, 0, 1), 1731]
[(1, 0, 1), 1735]
[(1, 0, 1), 1194]
[(0, 1, 0), 1519]
[(1, 0, 1), 1434]
[(0, 1, 0), 1351]
[(0, 0, 1), 934]
[(1, 1, 0), 1203]
[(0, 1, 0), 457]
[(0, 1, 0), 1797]
[(0, 0, 1), 1209]
[(1, 0, 1), 1213]
[(0, 1, 0), 1443]
